90.496620
36.326992
86.043633
12.381165
23.285826
96.109634
51.514118
48.566181
68.039551
30.591812
48.425648
46.593876
97.126823
21.208696
68.925873
26.994329
1.213788
0.970929
69.801544
99.889641
25.082487
53.711788
9.350095
13.959090
3.154802
90.794930
85.859375
84.679222
60.390205
6.153788
81.044579
50.886822
42.480778
67.088211
63.267986
65.766602
63.197845
14.782104
14.332787
31.237391
45.373913
62.758434
77.831261
42.500736
83.967133
46.757137
69.495064
85.180923
47.728069
39.296608
85.070564
72.810555
93.008400
94.420662
86.769646
96.163200
85.215584
72.629021
80.842430
45.605793
78.782806
61.887001
96.492615
21.263588
28.975218
59.760601
87.030190
92.173065
74.542709
1.362977
23.410454
19.916620
64.121414
1.241719
62.417358
48.088543
47.998856
31.912418
33.269463
95.726929
71.209030
18.340025
68.537483
64.217430
12.760682
55.307125
60.380630
97.976273
27.936146
41.223061
43.582066
6.718956
3.110066
40.074680
27.982542
32.085285
99.835281
15.012735
24.258345
74.377991
16.375713
47.668800
94.294609
80.497124
48.910519
56.711967
28.585667
96.909370
88.624390
61.855133
92.636299
59.833412
80.195152
61.173786
24.050846
92.955841
16.480909
84.431480
90.932106
44.417057
25.654543
34.514175
51.136009
28.764606
74.588852
79.118553
60.849892
74.424133
94.131294
85.108238
48.802124
10.507002
32.777035
43.096733
91.004128
81.687553
99.808701
19.589794
78.596931
88.433090
81.444923
71.233231
48.266499
61.640079
32.407017
72.317345
54.595917
48.887924
56.748825
45.528027
93.304977
82.403366
80.042198
44.440990
11.167975
54.631054
23.559546
72.017868
29.055191
17.690832
57.126099
77.857315
28.197834
89.903137
20.954050
19.201962
71.590691
20.762749
38.791756
50.187622
9.195834
20.236679
21.420853
57.462334
81.876762
53.827869
29.779682
36.472675
2.715792
86.528511
82.000702
96.020767
68.931877
62.042904
40.461761
80.099854
16.673956
64.021309
52.117718
45.729145
81.712135
9.243819
23.586462
9.909974
99.146957
44.540512
29.111937
70.737648
65.303268
67.903694
20.925266
74.499092
88.140366
42.346119
31.961432
70.017128
96.173988
61.741112
6.489801
98.889778
48.269619
88.490501
94.910553
17.201498
50.533401
35.372314
97.301353
67.207359
99.393616
49.419067
12.936505
81.105759
58.662884
36.522968
91.015732
57.809841
81.063484
20.127668
28.547489
46.366745
88.031357
49.472759
20.865843
76.171722
91.818878
52.827274
46.188850
87.992867
14.568388
52.678650
86.882645
62.838013
41.169159
81.793198
80.039505
91.702560
17.165512
77.340858
58.909924
16.559130
26.759926
71.846428
97.664886
85.422813
8.369396
88.680618
43.232658
89.432877
8.808288
71.780144
35.799625
96.839645
21.252905
56.665466
73.011368
13.071783
9.492743
19.200220
1.064650
24.061131
71.878876
87.947296
86.899139
13.048032
69.740501
66.938644
4.750593
86.906013
44.279503
63.660515
3.465139
71.039429
35.506939
1.130028
56.462246
43.876335
89.810646
99.694901
33.309216
98.618935
71.475052
69.108841
95.458580
92.727951
25.774305
68.469948
5.799739
35.267048
87.670174
6.864390
59.328182
59.549046
94.811691
46.227318
72.597076
64.552185
13.165966
77.347664
51.458191
57.445473
41.008179
54.923332
28.484901
76.515121
56.053364
84.947144
20.391459
45.864010
84.642052
53.700672
44.482944
56.117100
22.809511
39.941521
48.845055
48.583817
8.411469
54.644794
83.850868
96.081635
61.509186
43.179047
55.630684
56.320877
89.406364
28.227755
20.873058
2.572331
5.575423
72.331253
60.017799
46.583603
27.254587
88.502708
23.098724
83.307945
73.449852
43.490185
29.171955
58.091904
97.190857
73.654900
14.209002
20.000366
13.596421
63.054062
68.584183
22.007891
17.698856
52.435051
18.089529
79.208038
95.614098
73.720207
35.528915
85.020462
1.947966
56.401974
87.592789
7.523388
28.733227
47.610596
54.106991
55.987812
36.113300
77.205719
39.295761
9.563153
20.695898
68.467720
67.655060
17.886751
42.122616
81.864059
37.887115
55.719036
44.918118
6.471303
77.726929
62.616974
58.906353
95.816460
41.825016
54.520451
69.536667
77.353928
39.540916
71.484634
33.755905
27.133709
79.008026
62.489128
74.744308
33.115013
18.476940
10.857609
10.320730
57.772701
20.420761
31.016626
26.240417
88.075813
48.903378
68.363037
69.939873
86.790497
24.082069
14.857992
93.261803
1.808998
77.474968
52.168156
97.625458
19.299980
6.688608
67.162117
96.653915
46.229523
38.646759
30.409817
73.363235
17.654779
92.898941
48.107540
50.769794
11.375884
58.965145
61.090523
69.148582
79.385910
92.107155
95.389000
67.461731
41.010529
63.752029
37.401604
27.801027
87.834099
52.259594
21.062830
89.643105
29.734564
73.230988
87.268555
49.034546
79.919594
54.430683
45.688457
26.149118
93.077431
76.098267
99.512352
10.732215
68.997215
47.619892
61.502010
80.373093
6.585039
22.592529
49.521683
85.970947
14.699679
44.910683
53.432678
55.710209
8.662718
90.834282
83.511238
96.496819
43.093880
4.574070
86.139923
72.828445
77.805054
73.408478
21.862988
57.724648
27.839157
67.551437
83.873764
20.916594
43.649715
83.386116
31.648809
12.646929
31.006006
93.150810
93.020027
37.591042
15.743345
